11111111111111111111111111111111111111111111111111
11111111111111111111111111111111111111111111111111
11111111111111111111111111111111111111111111111111
11111111111111111111111111111111111111111111111111
11111111111111111111111111111111111111111111111111
11111111111111111111111141004111111111111111111111
11111111111111111111111411111411111111111111111111
11114411111441110011100111111141111111111111111111
21111111171111111110011111111114111111111111111113
00000001100000000000000000110000000000000000000000
