11111111111111111111111111111111111111111111111111
11111111111111111111111111111111111111111111111111
11111111111111111111111111111111111111111111111111
11111111111111111111111111111111111111111111111111
11111111111111111111111111111111111111111111111111
11111111111111111111111141004111111111111111111111
11111111111111111111111411111411111111111111111111
10014411111441110011100111111141111111111111111111
21111111111111117110017111111114111111111111111113
00000001100011000000000000110000000000000000000000
